17
assets/models/Isoshphere_flat_4div_xyz_n_rgba_uv.ply
-1010.81   1194   1105.4
1   1   1   1
0   0   0   1
0.9   0.0005   0   1
-0.00540933   -0.9378   -0.347133   1
1   20   40   0
1
315
-135   309   -478
0.949   0.49   0.047   1
0   0   0   1
3.50004   0.1   1e-05   1
0.181913   -0.891672   0.414523   1
0   15   15   0
1
0
1769   307   -478
0.949   0.49   0.047   1
0   0   0   1
3.70005   0.1   1e-05   1
-0.984537   -0.158658   0.0742543   1
0   15   15   0
1
0
2975   303   -478
0.949   0.49   0.047   1
0   0   0   1
2.50004   0.1   1e-05   1
-0.994391   -0.0955581   0.045333   1
0   15   15   0
1
0
1247   823   -454
0.949   0.49   0.047   1
0   0   0   1
3.50003   0.1   1e-05   1
-0.849305   -0.522699   0.0739365   1
0   15   15   0
1
0
2125   847   -446
0.949   0.49   0.047   1
0   0   0   1
2.90006   0.1   1e-05   1
-0.933624   -0.355363   0.0454287   1
0   15   15   0
1
0
2991   839   -452
0.949   0.49   0.047   1
0   0   0   1
3.10008   0.1   1e-05   1
-0.964703   -0.260926   0.0355665   1
0   15   15   0
1
0
591   827   -430
0.949   0.49   0.047   1
0   0   0   1
3.30005   0.1   1e-05   1
-0.628929   -0.772684   0.086064   1
0   15   15   0
1
0
195   1309   -478
0.949   0.49   0.047   1
0   0   0   1
2.70004   0.1   1e-05   1
-0.201676   -0.973893   0.104212   1
0   15   15   0
1
0
1069   1313   -478
0.949   0.49   0.047   1
0   0   0   1
3.30005   0.1   1e-05   1
-0.657333   -0.749348   0.0799382   1
0   15   15   0
1
0
2809   1313   -478
0.949   0.49   0.047   1
0   0   0   1
3.10007   0.1   1e-05   1
-0.910374   -0.411452   0.0438925   1
0   15   15   0
1
0
1769   1321   -478
0.949   0.49   0.047   1
0   0   0   1
3.50003   0.1   1e-05   1
-0.813333   -0.578556   0.061342   1
0   15   15   0
1
0
527   313   -478
0.949   0.49   0.047   1
0   0   0   1
2.30004   0.1   1e-05   1
-0.874483   -0.440879   0.202251   1
0   15   15   0
1
0
1615   571   -318
1   1   0.803   1
0   0   0   1
2.50001   2.65229e-05   2.28239e-05   1
-0.00540933   -0.9378   -0.347133   1
1   20   40   0
1
315
1245   571   -318
1   1   0.803   1
0   0   0   1
2.50001   2.65229e-05   2.28239e-05   1
-0.00540933   -0.9378   -0.347133   1
1   20   40   0
1
315
1423   1151   -334
1   1   0.803   1
0   0   0   1
2.50001   3.53737e-05   3.60722e-05   1
-0.00540933   -0.9378   -0.347133   1
1   20   40   0
1
315
17   1619   -334
1   1   0.803   1
0   0   0   1
2.50001   3.53737e-05   3.60722e-05   1
-0.00540933   -0.9378   -0.347133   1
1   20   40   0
1
325
