5
assets/models/Isoshphere_flat_4div_xyz_n_rgba_uv.ply
0   22.5   18
1   1   1   1
0   0   0   1
0   0.00537899   0.0134329   0
-0.542105   -0.724088   0.426403   1
1   15   15   0
1
9
37   10.5   15
1   1   1   1
0   0   0   1
0   0.00537899   0.0134329   0
-0.396584   -0.909946   0.121326   1
1   15   15.14   0
1
3
-9.5   23.5   28
1   1   1   1
0   0   0   1
0   0.00537899   0.0134329   0
0.888143   -0.37207   -0.269751   1
1   15   15   0
1
1
34   14   8.5
1   1   1   1
0   0   0   1
0   0.00537899   0.0134329   0
-0.190375   -0.800814   0.56785   1
1   15   15   0
1
2
30   11   11
1   1   1   1
0   0   0   1
0   0.00537899   0.0134329   0
-0.199115   -0.533005   0.82235   1
1   15   15   0
1
1
